image_width: 640
image_height: 480
camera_name: narrow_stereo
camera_matrix:
  rows: 3
  cols: 3
  data: [623.24937,   0.     , 315.51502,
           0.     , 623.27688, 239.10479,
           0.     ,   0.     ,   1.     ]
camera_model: plumb_bob
distortion_coefficients:
  rows: 1
  cols: 5
  data: [0.141422, -0.297989, 0.002190, 0.000687, 0.000000]
rectification_matrix:
  rows: 3
  cols: 3
  data: [1., 0., 0.,
         0., 1., 0.,
         0., 0., 1.]
projection_matrix:
  rows: 3
  cols: 4
  data: [633.84277,   0.     , 315.8127 ,   0.     ,
           0.     , 633.82727, 239.78391,   0.     ,
           0.     ,   0.     ,   1.     ,   0.     ]
